340.31852472757754 0.27799461641991924
350.67057837384743 0.2943472409152086
364.83654652137466 0.30706594885598926
375.73344509639566 0.33310901749663524
386.08549874266555 0.36157469717362045
404.06538139145016 0.3942799461641992
423.1349538977368 0.409421265141319
437.8457669740151 0.4027590847913863
449.2875104777871 0.3912516823687752
463.45347862531435 0.3718707940780619
475.98491198658843 0.3518842530282638
485.79212070410733 0.3337146702557201
499.4132439228835 0.3088829071332436
513.5792120704107 0.281628532974428
522.2967309304275 0.26588156123822343
540.8214585079631 0.23681022880215344
559.8910310142498 0.2083445491251682
579.5054484492875 0.18290713324360697
599.6647108130763 0.16231493943472408
